17
 5.98290598290598e-001    9.35543278084714e-002    1
 6.29548229548230e-001    1.23756906077348e-001    1
 6.73260073260073e-001    1.70902394106814e-001    1
 7.23809523809524e-001    2.05524861878453e-001    1
 7.98290598290598e-001    2.65193370165746e-001    1
 8.97924297924298e-001    3.31491712707182e-001    1
 9.78266178266178e-001    3.67955801104972e-001    1
 1.03858363858364e+000    3.85267034990792e-001    1
 1.08840048840049e+000    3.88950276243094e-001    1
 1.12918192918193e+000    3.78268876611418e-001    1
 1.18803418803419e+000    3.48066298342541e-001    1
 1.22905982905983e+000    3.10497237569061e-001    1
 1.26886446886447e+000    2.54880294659300e-001    1
 1.32942612942613e+000    2.08103130755064e-001    1
 1.35970695970696e+000    1.69429097605893e-001    1
 1.42905982905983e+000    1.25966850828729e-001    1
 1.49938949938950e+000    9.46593001841621e-002    1
