13
 6.99145299145299e-001    1.59116022099448e-001
 7.48229548229548e-001    1.85267034990792e-001
 8.01953601953602e-001    2.42357274401473e-001
 8.91575091575092e-001    3.13075506445672e-001
 9.97802197802198e-001    3.67219152854512e-001
 1.04810744810745e+000    3.71639042357274e-001
 1.08815628815629e+000    3.76427255985267e-001
 1.14725274725275e+000    3.60957642725599e-001
 1.19804639804640e+000    3.18600368324125e-001
 1.23809523809524e+000    2.71823204419890e-001
 1.28840048840049e+000    2.15101289134438e-001
 1.34749694749695e+000    1.59484346224678e-001
 1.39926739926740e+000    1.38858195211786e-001